-0.257998	
-0.419459	
-0.477064	
-0.498088	
-0.505946	
-0.509108	
-0.510611	
-0.511541	
-0.512282	
-0.512968	
-0.513648	
-0.514340	
-0.515050	
-0.515784	
-0.516544	
-0.517335	
-0.518162	
-0.519030	
-0.519943	
-0.520910	
-0.521936	
-0.523030	
-0.524198	
-0.525450	
-0.526793	
-0.528236	
-0.529788	
-0.531456	
-0.533250	
-0.535177	
-0.537245	
-0.539462	
-0.541835	
-0.544371	
-0.547076	
-0.549957	
-0.553019	
-0.556267	
-0.559708	
-0.563344	
-0.567181	
-0.571221	
-0.575469	
-0.579926	
-0.584594	
-0.589476	
-0.594571	
-0.599880	
-0.605403	
-0.611139	
-0.617085	
-0.623239	
-0.629597	
-0.636156	
-0.642911	
-0.649856	
-0.656984	
-0.664290	
-0.671764	
-0.679398	
-0.687184	
-0.695111	
-0.703170	
-0.711348	
-0.719635	
-0.728019	
-0.736488	
-0.745029	
-0.753629	
-0.762276	
-0.770957	
-0.779659	
-0.788370	
-0.797079	
-0.805772	
-0.814440	
-0.823070	
-0.831652	
-0.840176	
-0.848631	
-0.857008	
-0.865297	
-0.873487	
-0.881569	
-0.889534	
-0.897370	
-0.905069	
-0.912620	
-0.920014	
-0.927239	
-0.934287	
-0.941148	
-0.947811	
-0.954268	
-0.960512	
-0.966533	
-0.972326	
-0.977884	
-0.983203	
-0.988279	
-0.993110	
-0.997696	
-1.002035	
-1.006129	
-1.009982	
-1.013596	
-1.016976	
-1.020127	
-1.023055	
-1.025767	
-1.028267	
-1.030565	
-1.032666	
-1.034577	
-1.036306	
-1.037858	
-1.039242	
-1.040463	
-1.041527	
-1.042441	
-1.043210	
-1.043840	
-1.044337	
-1.044706	
-1.044953	
-1.045081	
-1.045097	
-1.045004	
-1.044808	
-1.044512	
-1.044123	
-1.043643	
-1.043077	
-1.042430	
-1.041705	
-1.040907	
-1.040040	
-1.039107	
-1.038113	
-1.037061	
-1.035955	
-1.034798	
-1.033596	
-1.032349	
-1.031063	
-1.029741	
-1.028385	
-1.026999	
-1.025587	
-1.024149	
-1.022691	
-1.021214	
-1.019721	
-1.018214	
-1.016696	
-1.015169	
-1.013635	
-1.012097	
-1.010556	
-1.009014	
-1.007473	
-1.005934	
-1.004399	
-1.002869	
-1.001346	
-0.999831	
-0.998324	
-0.996828	
-0.995342	
-0.993867	
-0.992405	
-0.990956	
-0.989521	
-0.988100	
-0.986693	
-0.985301	
-0.983925	
-0.982564	
-0.981219	
-0.979890	
-0.978577	
-0.977281	
-0.976001	
-0.974738	
-0.973491	
-0.972261	
-0.971047	
-0.969850	
-0.968670	
-0.967505	
-0.966358	
-0.965227	
-0.964112	
-0.963013	
-0.961931	
-0.960865	
-0.959814	
-0.958780	
-0.957762	
-0.956760	
-0.955773	
-0.954802	
-0.953847	
-0.952907	
-0.951983	
-0.951074	
-0.950181	
-0.949303	
-0.948440	
-0.947592	
-0.946760	
-0.945942	
-0.945140	
-0.944352	
-0.943579	
-0.942821	
-0.942077	
-0.941348	
-0.940633	
-0.939933	
-0.939247	
-0.938575	
-0.937917	
-0.937273	
-0.936643	
-0.936027	
-0.935424	
-0.934835	
-0.934259	
-0.933696	
-0.933146	
-0.932610	
-0.932086	
-0.931574	
-0.931075	
-0.930589	
-0.930115	
-0.929653	
-0.929202	
-0.928764	
-0.928337	
-0.927922	
-0.927517	
-0.927124	
-0.926742	
-0.926371	
-0.926010	
-0.925660	
-0.925320	
-0.924990	
-0.924670	
-0.924360	
-0.924060	
-0.923769	
-0.923487	
-0.923215	
-0.922951	
-0.922696	
-0.922450	
-0.922213	
-0.921983	
-0.921762	
-0.921549	
-0.921344	
-0.921146	
-0.920956	
-0.920773	
-0.920598	
-0.920430	
-0.920268	
-0.920114	
-0.919966	
-0.919825	
-0.919690	
-0.919561	
-0.919438	
-0.919322	
-0.919211	
-0.919106	
-0.919007	
-0.918913	
-0.918824	
-0.918741	
-0.918663	
-0.918589	
-0.918521	
-0.918458	
-0.918399	
-0.918344	
-0.918295	
-0.918249	
-0.918208	
-0.918171	
-0.918138	
-0.918109	
-0.918084	
-0.918062	
-0.918044	
-0.918030	
-0.918020	
-0.918013	
-0.918009	
-0.918009	
-0.918011	
-0.918017	
-0.918026	
-0.918038	
-0.918053	
-0.918070	
-0.918091	
-0.918114	
-0.918140	
-0.918168	
-0.918199	
-0.918232	
-0.918268	
-0.918306	
-0.918346	
-0.918389	
-0.918434	
-0.918481	
-0.918530	
-0.918581	
-0.918633	
-0.918688	
-0.918745	
-0.918804	
-0.918864	
-0.918926	
-0.918990	
-0.919056	
-0.919123	
-0.919192	
-0.919262	
-0.919334	
-0.919407	
-0.919481	
-0.919558	
-0.919635	
-0.919714	
-0.919794	
-0.919875	
-0.919958	
-0.920042	
-0.920127	
-0.920213	
-0.920300	
-0.920388	
-0.920478	
-0.920568	
-0.920659	
-0.920752	
-0.920845	
-0.920939	
-0.921035	
-0.921131	
-0.921228	
-0.921325	
-0.921424	
-0.921523	
-0.921623	
-0.921724	
-0.921826	
-0.921928	
-0.922031	
-0.922135	
-0.922239	
-0.922344	
-0.922450	
-0.922556	
-0.922663	
-0.922770	
-0.922878	
-0.922986	
-0.923095	
-0.923205	
-0.923315	
-0.923425	
-0.923536	
-0.923647	
-0.923758	
-0.923870	
-0.923983	
-0.924096	
-0.924209	
-0.924322	
-0.924436	
-0.924550	
-0.924665	
-0.924780	
-0.924895	
-0.925010	
-0.925126	
-0.925241	
-0.925357	
-0.925474	
-0.925590	
-0.925707	
-0.925824	
-0.925941	
-0.926058	
-0.926176	
-0.926293	
-0.926411	
-0.926529	
-0.926647	
-0.926765	
-0.926883	
-0.927001	
-0.927119	
-0.927238	
-0.927356	
-0.927475	
-0.927593	
-0.927712	
-0.927831	
-0.927949	
-0.928068	
-0.928187	
-0.928305	
-0.928424	
-0.928543	
-0.928661	
-0.928780	
-0.928898	
-0.929017	
-0.929135	
-0.929254	
-0.929372	
-0.929490	
-0.929608	
-0.929726	
-0.929844	
-0.929962	
-0.930080	
-0.930197	
-0.930315	
-0.930432	
-0.930550	
-0.930667	
-0.930784	
-0.930900	
-0.931017	
-0.931133	
-0.931250	
-0.931366	
-0.931482	
-0.931598	
-0.931713	
-0.931828	
-0.931944	
-0.932059	
-0.932173	
-0.932288	
-0.932402	
-0.932516	
-0.932630	
-0.932744	
-0.932857	
-0.932970	
-0.933083	
-0.933195	
-0.933308	
-0.933420	
-0.933532	
-0.933643	
-0.933755	
-0.933866	
-0.933976	
-0.934087	
-0.934197	
-0.934307	
-0.934416	
-0.934525	
-0.934634	
-0.934743	
-0.934851	
-0.934959	
-0.935067	
-0.935174	
-0.935281	
-0.935388	
-0.935494	
-0.935600	
-0.935706	
-0.935811	
-0.935916	
-0.936020	
-0.936125	
-0.936229	
-0.936332	
-0.936435	
-0.936538	
-0.936641	
-0.936743	
-0.936844	
-0.936946	
-0.937047	
-0.937147	
-0.937247	
-0.937347	
-0.937447	
-0.937546	
-0.937644	
-0.937743	
-0.937841	
-0.937938	
-0.938035	
-0.938132	
-0.938228	
-0.938324	
-0.938419	
-0.938514	
-0.938609	
-0.938703	
-0.938797	
-0.938890	
-0.938983	
-0.939076	
-0.939168	
-0.939260	
-0.939351	
-0.939442	
-0.939532	
-0.939622	
-0.939712	
-0.939801	
-0.939890	
-0.939978	
-0.940066	
-0.940153	
-0.940240	
-0.940327	
-0.940413	
-0.940498	
-0.940584	
-0.940668	
-0.940753	
-0.940836	
-0.940920	
-0.941003	
-0.941085	
-0.941168	
-0.941249	
-0.941330	
-0.941411	
-0.941491	
-0.941571	
-0.941651	
-0.941730	
-0.941808	
-0.941886	
-0.941964	
-0.942041	
-0.942117	
-0.942194	
-0.942269	
-0.942345	
-0.942419	
-0.942494	
-0.942568	
-0.942641	
-0.942714	
-0.942787	
-0.942859	
-0.942930	
-0.943002	
-0.943072	
-0.943143	
-0.943212	
-0.943282	
-0.943351	
-0.943419	
-0.943487	
-0.943554	
-0.943621	
-0.943688	
-0.943754	
-0.943820	
-0.943885	
-0.943950	
-0.944014	
-0.944078	
-0.944141	
-0.944204	
-0.944266	
-0.944328	
-0.944390	
-0.944451	
-0.944512	
-0.944572	
-0.944631	
-0.944691	
-0.944749	
-0.944808	
-0.944866	
-0.944923	
-0.944980	
-0.945036	
-0.945092	
-0.945148	
-0.945203	
-0.945258	
-0.945312	
-0.945366	
-0.945419	
-0.945472	
-0.945524	
-0.945576	
-0.945628	
-0.945679	
-0.945730	
-0.945780	
-0.945830	
-0.945879	
-0.945928	
-0.945976	
-0.946024	
-0.946072	
-0.946119	
-0.946165	
-0.946211	
-0.946257	
-0.946302	
-0.946347	
-0.946392	
-0.946436	
-0.946479	
-0.946522	
-0.946565	
-0.946607	
-0.946649	
-0.946691	
-0.946731	
-0.946772	
-0.946812	
-0.946852	
-0.946891	
-0.946930	
-0.946968	
-0.947006	
-0.947044	
-0.947081	
-0.947117	
-0.947154	
-0.947190	
-0.947225	
-0.947260	
-0.947295	
-0.947329	
-0.947362	
-0.947396	
-0.947429	
-0.947461	
-0.947493	
-0.947525	
-0.947556	
-0.947587	
-0.947618	
-0.947648	
-0.947677	
-0.947706	
-0.947735	
-0.947764	
-0.947792	
-0.947819	
-0.947847	
-0.947873	
-0.947900	
-0.947926	
-0.947951	
-0.947977	
-0.948002	
-0.948026	
-0.948050	
-0.948074	
-0.948097	
-0.948120	
-0.948142	
-0.948165	
-0.948186	
-0.948208	
-0.948229	
-0.948249	
-0.948269	
-0.948289	
-0.948309	
-0.948328	
-0.948346	
-0.948365	
-0.948383	
-0.948400	
-0.948418	
-0.948434	
-0.948451	
-0.948467	
-0.948483	
-0.948498	
-0.948513	
-0.948528	
-0.948542	
-0.948556	
-0.948569	
-0.948583	
-0.948595	
-0.948608	
-0.948620	
-0.948632	
-0.948643	
-0.948654	
-0.948665	
-0.948675	
-0.948685	
-0.948695	
-0.948704	
-0.948713	
-0.948722	
-0.948730	
-0.948738	
-0.948746	
-0.948753	
-0.948760	
-0.948767	
-0.948773	
-0.948779	
-0.948785	
-0.948790	
-0.948795	
-0.948799	
-0.948804	
-0.948808	
-0.948811	
-0.948815	
-0.948818	
-0.948820	
-0.948823	
-0.948825	
-0.948826	
-0.948828	
-0.948829	
-0.948830	
-0.948830	
-0.948830	
-0.948830	
-0.948829	
-0.948829	
-0.948827	
-0.948826	
-0.948824	
-0.948822	
-0.948820	
-0.948817	
-0.948814	
-0.948811	
-0.948808	
-0.948804	
-0.948800	
-0.948795	
-0.948790	
-0.948785	
-0.948780	
-0.948774	
-0.948769	
-0.948762	
-0.948756	
-0.948749	
-0.948742	
-0.948735	
-0.948727	
-0.948719	
-0.948711	
-0.948703	
-0.948694	
-0.948685	
-0.948675	
-0.948666	
-0.948656	
-0.948646	
-0.948636	
-0.948625	
-0.948614	
-0.948603	
-0.948591	
-0.948580	
-0.948567	
-0.948555	
-0.948543	
-0.948530	
-0.948517	
-0.948503	
-0.948490	
-0.948476	
-0.948462	
-0.948448	
-0.948433	
-0.948418	
-0.948403	
-0.948388	
-0.948372	
-0.948356	
-0.948340	
-0.948324	
-0.948307	
-0.948290	
-0.948273	
-0.948256	
-0.948238	
-0.948220	
-0.948202	
-0.948184	
-0.948165	
-0.948147	
-0.948128	
-0.948108	
-0.948089	
-0.948069	
-0.948049	
-0.948029	
-0.948008	
-0.947988	
-0.947967	
-0.947946	
-0.947924	
-0.947903	
-0.947881	
-0.947859	
-0.947837	
-0.947814	
-0.947792	
-0.947769	
-0.947746	
-0.947722	
-0.947699	
-0.947675	
-0.947651	
-0.947627	
-0.947602	
-0.947578	
-0.947553	
-0.947528	
-0.947503	
-0.947477	
-0.947451	
-0.947426	
-0.947399	
-0.947373	
-0.947347	
-0.947320	
-0.947293	
-0.947266	
-0.947239	
-0.947211	
-0.947183	
-0.947156	
-0.947127	
-0.947099	
-0.947071	
-0.947042	
-0.947013	
-0.946984	
-0.946955	
-0.946925	
-0.946896	
-0.946866	
-0.946836	
-0.946806	
-0.946775	
-0.946745	
-0.946714	
-0.946683	
-0.946652	
-0.946621	
-0.946589	
-0.946557	
-0.946526	
-0.946494	
-0.946461	
-0.946429	
-0.946396	
-0.946364	
-0.946331	
-0.946298	
-0.946264	
-0.946231	
-0.946197	
-0.946164	
-0.946130	
-0.946096	
-0.946061	
-0.946027	
-0.945992	
-0.945958	
-0.945923	
-0.945888	
-0.945852	
-0.945817	
-0.945781	
-0.945746	
-0.945710	
-0.945674	
-0.945637	
-0.945601	
-0.945564	
-0.945528	
-0.945491	
-0.945454	
-0.945417	
-0.945379	
-0.945342	
-0.945304	
-0.945267	
-0.945229	
-0.945191	
-0.945152	
-0.945114	
-0.945075	
-0.945037	
-0.944998	
-0.944959	
-0.944920	
-0.944881	
-0.944841	
-0.944802	
-0.944762	
-0.944722	
-0.944682	
-0.944642	
-0.944602	
-0.944562	
-0.944521	
-0.944481	
-0.944440	
-0.944399	
-0.944358	
-0.944317	
-0.944275	
-0.944234	
-0.944192	
-0.944151	
-0.944109	
-0.944067	
-0.944025	
-0.943983	
-0.943940	
-0.943898	
-0.943855	
-0.943812	
-0.943769	
-0.943726	
-0.943683	
-0.943640	
-0.943597	
-0.943553	
-0.943510	
-0.943466	
-0.943422	
-0.943378	
-0.943334	
-0.943290	
-0.943246	
-0.943201	
-0.943157	
-0.943112	
-0.943067	
-0.943022	
-0.942977	
-0.942932	
-0.942887	
-0.942842	
-0.942796	
-0.942751	
-0.942705	
-0.942659	
-0.942613	
-0.942567	
-0.942521	
-0.942475	
-0.942429	
-0.942382	
-0.942336	
-0.942289	
-0.942242	
-0.942195	
-0.942148	
-0.942101	
-0.942054	
-0.942007	
-0.941959	
-0.941912	
-0.941864	
-0.941817	
-0.941769	
-0.941721	
-0.941673	
-0.941625	
-0.941577	
-0.941529	
-0.941480	
-0.941432	
-0.941383	
-0.941335	
-0.941286	
-0.941237	
-0.941188	
-0.941139	
-0.941090	
-0.941041	
-0.940992	
-0.940942	
-0.940893	
-0.940843	
-0.940794	
-0.940744	
-0.940694	
-0.940644	
-0.940594	
-0.940544	
-0.940494	
-0.940444	
-0.940393	
-0.940343	
-0.940292	
-0.940242	
-0.940191	
-0.940140	
-0.940090	
-0.940039	
-0.939988	
-0.939937	
-0.939885	
-0.939834	
-0.939783	
-0.939731	
-0.939680	
-0.939628	
-0.939577	
-0.939525	
-0.939473	
-0.939422	
-0.939370	
-0.939318	
-0.939266	
-0.939213	
-0.939161	
-0.939109	
-0.939056	
-0.939004	
-0.938952	
-0.938899	
-0.938846	
-0.938794	
-0.938741	
-0.938688	
-0.938635	
-0.938582	
-0.938529	
-0.938476	
-0.938423	
-0.938369	
-0.938316	
-0.938262	
-0.938209	
-0.938155	
-0.938102	
-0.938048	
-0.937994	
-0.937941	
-0.937887	
-0.937833	
-0.937779	
-0.937725	
-0.937671	
-0.937617	
-0.937562	
-0.937508	
-0.937454	
-0.937399	
-0.937345	
-0.937290	
-0.937236	
-0.937181	
-0.937126	
-0.937072	
-0.937017	
-0.936962	
-0.936907	
-0.936852	
-0.936797	
-0.936742	
-0.936687	
-0.936631	
-0.936576	
-0.936521	
-0.936465	
-0.936410	
-0.936355	
-0.936299	
-0.936243	
-0.936188	
-0.936132	
-0.936076	
-0.936021	
-0.935965	
-0.935909	
-0.935853	
-0.935797	
-0.935741	
-0.935685	
-0.935629	
-0.935573	
-0.935516	
-0.935460	
-0.935404	
-0.935347	
-0.935291	
-0.935235	
-0.935178	
-0.935122	
-0.935065	
-0.935008	
-0.934952	
-0.934895	
-0.934838	
-0.934781	
-0.934724	
-0.934668	
-0.934611	
-0.934554	
-0.934497	
-0.934440	
-0.934383	
-0.934325	
-0.934268	
-0.934211	
-0.934154	
-0.934096	
-0.934039	
-0.933982	
-0.933924	
-0.933867	
-0.933809	
-0.933752	
-0.933694	
-0.933637	
-0.933579	
-0.933521	
-0.933464	
-0.933406	
-0.933348	
-0.933290	
-0.933232	
-0.933175	
-0.933117	
-0.933059	
-0.933001	
-0.932943	
-0.932885	
-0.932827	
-0.932768	
-0.932710	
-0.932652	
-0.932594	
-0.932536	
-0.932477	
-0.932419	
-0.932361	
-0.932302	
-0.932244	
-0.932185	
-0.932127	
-0.932069	
-0.932010	
-0.931951	
-0.931893	
-0.931834	
-0.931776	
-0.931717	
-0.931658	
-0.931600	
-0.931541	
-0.931482	
-0.931423	
-0.931364	
-0.931306	
-0.931247	
-0.931188	
-0.931129	
-0.931070	
-0.931011	
-0.930952	
-0.930893	
-0.930834	
-0.930775	
-0.930716	
-0.930657	
-0.930598	
-0.930538	
-0.930479	
-0.930420	
-0.930361	
-0.930302	
-0.930242	
-0.930183	
-0.930124	
-0.930064	
-0.930005	
-0.929946	
-0.929886	
-0.929827	
-0.929767	
-0.929708	
-0.929649	
-0.929589	
-0.929530	
-0.929470	
-0.929410	
-0.929351	
-0.929291	
-0.929232	
-0.929172	
-0.929113	
-0.929053	
-0.928993	
-0.928934	
-0.928874	
-0.928814	
-0.928754	
-0.928695	
-0.928635	
-0.928575	
-0.928515	
-0.928455	
-0.928396	
-0.928336	
-0.928276	
-0.928216	
-0.928156	
-0.928096	
-0.928036	
-0.927977	
-0.927917	
-0.927857	
-0.927797	
-0.927737	
-0.927677	
-0.927617	
-0.927557	
-0.927497	
-0.927437	
-0.927377	
-0.927317	
-0.927257	
-0.927197	
-0.927136	
-0.927076	
-0.927016	
-0.926956	
-0.926896	
-0.926836	
-0.926776	
-0.926716	
-0.926655	
-0.926595	
-0.926535	
-0.926475	
-0.926415	
-0.926355	
-0.926294	
-0.926234	
-0.926174	
-0.926114	
-0.926053	
-0.925993	
-0.925933	
-0.925873	
-0.925812	
-0.925752	
-0.925692	
-0.925632	
-0.925571	
-0.925511	
-0.925451	
-0.925390	
-0.925330	
-0.925270	
-0.925209	
-0.925149	
-0.925089	
-0.925028	
-0.924968	
-0.924908	
-0.924847	
-0.924787	
-0.924727	
-0.924666	
-0.924606	
-0.924546	
-0.924485	
-0.924425	
-0.924365	
-0.924304	
-0.924244	
-0.924183	
-0.924123	
-0.924063	
-0.924002	
-0.923942	
-0.923882	
-0.923821	
-0.923761	
-0.923700	
-0.923640	
-0.923580	
-0.923519	
-0.923459	
-0.923398	
-0.923338	
-0.923278	
-0.923217	
-0.923157	
-0.923096	
-0.923036	
-0.922976	
-0.922915	
-0.922855	
-0.922795	
-0.922734	
-0.922674	
-0.922613	
-0.922553	
-0.922493	
-0.922432	
-0.922372	
-0.922312	
-0.922251	
-0.922191	
-0.922130	
-0.922070	
-0.922010	
-0.921949	
-0.921889	
-0.921829	
-0.921768	
-0.921708	
-0.921648	
-0.921587	
-0.921527	
-0.921467	
-0.921406	
-0.921346	
-0.921286	
-0.921225	
-0.921165	
-0.921105	
-0.921045	
-0.920984	
-0.920924	
-0.920864	
-0.920803	
-0.920743	
-0.920683	
-0.920623	
-0.920562	
-0.920502	
-0.920442	
-0.920382	
-0.920321	
-0.920261	
-0.920201	
-0.920141	
-0.920081	
-0.920020	
-0.919960	
-0.919900	
-0.919840	
-0.919780	
-0.919720	
-0.919659	
-0.919599	
-0.919539	
-0.919479	
-0.919419	
-0.919359	
-0.919299	
-0.919239	
-0.919179	
-0.919119	
-0.919058	
-0.918998	
-0.918938	
-0.918878	
-0.918818	
-0.918758	
-0.918698	
-0.918638	
-0.918578	
-0.918518	
-0.918458	
-0.918398	
-0.918338	
-0.918279	
-0.918219	
-0.918159	
-0.918099	
-0.918039	
-0.917979	
-0.917919	
-0.917859	
-0.917799	
-0.917740	
-0.917680	
-0.917620	
-0.917560	
-0.917500	
-0.917440	
-0.917381	
-0.917321	
-0.917261	
-0.917201	
-0.917142	
-0.917082	
-0.917022	
-0.916963	
-0.916903	
-0.916843	
-0.916784	
-0.916724	
-0.916664	
-0.916605	
-0.916545	
-0.916485	
-0.916426	
-0.916366	
-0.916307	
-0.916247	
-0.916188	
-0.916128	
-0.916069	
-0.916009	
-0.915950	
-0.915890	
-0.915831	
-0.915771	
-0.915712	
-0.915653	
-0.915593	
-0.915534	
-0.915474	
-0.915415	
-0.915356	
-0.915296	
-0.915237	
-0.915178	
-0.915119	
-0.915059	
-0.915000	
-0.914941	
-0.914882	
-0.914822	
-0.914763	
-0.914704	
-0.914645	
-0.914586	
-0.914527	
-0.914467	
-0.914408	
-0.914349	
-0.914290	
-0.914231	
-0.914172	
-0.914113	
-0.914054	
-0.913995	
-0.913936	
-0.913877	
-0.913818	
-0.913759	
-0.913700	
-0.913642	
-0.913583	
-0.913524	
-0.913465	
-0.913406	
-0.913347	
-0.913289	
-0.913230	
-0.913171	
-0.913112	
-0.913054	
-0.912995	
-0.912936	
-0.912877	
-0.912819	
-0.912760	
-0.912702	
-0.912643	
-0.912584	
-0.912526	
-0.912467	
-0.912409	
-0.912350	
-0.912292	
-0.912233	
-0.912175	
-0.912116	
-0.912058	
-0.912000	
-0.911941	
-0.911883	
-0.911824	
-0.911766	
-0.911708	
-0.911649	
-0.911591	
-0.911533	
-0.911475	
-0.911416	
-0.911358	
-0.911300	
-0.911242	
-0.911184	
-0.911126	
-0.911068	
-0.911009	
-0.910951	
-0.910893	
-0.910835	
-0.910777	
-0.910719	
-0.910661	
-0.910603	
-0.910545	
-0.910488	
-0.910430	
-0.910372	
-0.910314	
-0.910256	
-0.910198	
-0.910140	
-0.910083	
-0.910025	
-0.909967	
-0.909909	
-0.909852	
-0.909794	
-0.909736	
-0.909679	
-0.909621	
-0.909564	
-0.909506	
-0.909448	
-0.909391	
-0.909333	
-0.909276	
-0.909218	
-0.909161	
-0.909103	
-0.909046	
-0.908989	
-0.908931	
-0.908874	
-0.908817	
-0.908759	
-0.908702	
-0.908645	
-0.908587	
-0.908530	
-0.908473	
-0.908416	
-0.908359	
-0.908302	
-0.908244	
-0.908187	
-0.908130	
-0.908073	
-0.908016	
-0.907959	
-0.907902	
-0.907845	
-0.907788	
-0.907731	
-0.907674	
-0.907618	
-0.907561	
-0.907504	
-0.907447	
-0.907390	
-0.907333	
-0.907277	
-0.907220	
-0.907163	
-0.907107	
-0.907050	
-0.906993	
-0.906937	
-0.906880	
-0.906823	
-0.906767	
-0.906710	
-0.906654	
-0.906597	
-0.906541	
-0.906484	
-0.906428	
-0.906372	
-0.906315	
-0.906259	
-0.906202	
-0.906146	
-0.906090	
-0.906034	
-0.905977	
-0.905921	
-0.905865	
-0.905809	
-0.905753	
-0.905696	
-0.905640	
-0.905584	
-0.905528	
-0.905472	
-0.905416	
-0.905360	
-0.905304	
-0.905248	
-0.905192	
-0.905136	
-0.905081	
-0.905025	
-0.904969	
-0.904913	
-0.904857	
-0.904801	
-0.904746	
-0.904690	
-0.904634	
-0.904579	
-0.904523	
-0.904467	
-0.904412	
-0.904356	
-0.904301	
-0.904245	
-0.904190	
-0.904134	
-0.904079	
-0.904023	
-0.903968	
-0.903912	
-0.903857	
-0.903802	
-0.903746	
-0.903691	
-0.903636	
-0.903580	
-0.903525	
-0.903470	
-0.903415	
-0.903360	
-0.903305	
-0.903249	
-0.903194	
-0.903139	
-0.903084	
-0.903029	
-0.902974	
-0.902919	
-0.902864	
-0.902809	
-0.902755	
-0.902700	
-0.902645	
-0.902590	
-0.902535	
-0.902480	
-0.902426	
-0.902371	
-0.902316	
-0.902262	
-0.902207	
-0.902152	
-0.902098	
-0.902043	
-0.901988	
-0.901934	
-0.901879	
-0.901825	
-0.901770	
-0.901716	
-0.901662	
-0.901607	
-0.901553	
-0.901499	
-0.901444	
-0.901390	
-0.901336	
-0.901281	
-0.901227	
-0.901173	
-0.901119	
-0.901065	
-0.901011	
-0.900956	
-0.900902	
-0.900848	
-0.900794	
-0.900740	
-0.900686	
-0.900632	
-0.900578	
-0.900524	
-0.900471	
-0.900417	
-0.900363	
-0.900309	
-0.900255	
-0.900202	
-0.900148	
-0.900094	
-0.900040	
-0.899987	
-0.899933	
-0.899880	
-0.899826	
-0.899772	
-0.899719	
-0.899665	
-0.899612	
-0.899558	
-0.899505	
-0.899452	
-0.899398	
-0.899345	
-0.899291	
-0.899238	
-0.899185	
-0.899132	
-0.899078	
-0.899025	
-0.898972	
-0.898919	
-0.898866	
-0.898813	
-0.898759	
-0.898706	
-0.898653	
-0.898600	
-0.898547	
-0.898494	
-0.898441	
-0.898388	
-0.898336	
-0.898283	
-0.898230	
-0.898177	
-0.898124	
-0.898072	
-0.898019	
-0.897966	
-0.897913	
-0.897861	
-0.897808	
-0.897755	
-0.897703	
-0.897650	
-0.897598	
-0.897545	
-0.897493	
-0.897440	
-0.897388	
-0.897335	
-0.897283	
-0.897231	
-0.897178	
-0.897126	
-0.897074	
-0.897021	
-0.896969	
-0.896917	
-0.896865	
-0.896813	
-0.896760	
-0.896708	
-0.896656	
-0.896604	
-0.896552	
-0.896500	
-0.896448	
-0.896396	
-0.896344	
-0.896292	
-0.896240	
-0.896188	
-0.896137	
-0.896085	
-0.896033	
-0.895981	
-0.895929	
-0.895878	
-0.895826	
-0.895774	
-0.895723	
-0.895671	
-0.895620	
-0.895568	
-0.895516	
-0.895465	
-0.895413	
-0.895362	
-0.895310	
-0.895259	
-0.895208	
-0.895156	
-0.895105	
-0.895054	
-0.895002	
-0.894951	
-0.894900	
-0.894849	
-0.894797	
-0.894746	
-0.894695	
-0.894644	
-0.894593	
-0.894542	
-0.894491	
-0.894440	
-0.894389	
-0.894338	
-0.894287	
-0.894236	
-0.894185	
-0.894134	
-0.894083	
-0.894032	
-0.893982	
-0.893931	
-0.893880	
-0.893829	
-0.893779	
-0.893728	
-0.893677	
-0.893627	
-0.893576	
-0.893526	
-0.893475	
-0.893425	
-0.893374	
-0.893324	
-0.893273	
-0.893223	
-0.893172	
-0.893122	
-0.893072	
-0.893021	
-0.892971	
-0.892921	
-0.892871	
-0.892820	
-0.892770	
-0.892720	
-0.892670	
-0.892620	
-0.892570	
-0.892519	
-0.892469	
-0.892419	
-0.892369	
-0.892319	
-0.892270	
-0.892220	
-0.892170	
-0.892120	
-0.892070	
-0.892020	
-0.891970	
-0.891921	
-0.891871	
-0.891821	
-0.891771	
-0.891722	
-0.891672	
-0.891622	
-0.891573	
-0.891523	
-0.891474	
-0.891424	
-0.891375	
-0.891325	
-0.891276	
-0.891226	
-0.891177	
-0.891128	
-0.891078	
-0.891029	
-0.890980	
-0.890930	
-0.890881	
-0.890832	
-0.890783	
-0.890733	
-0.890684	
-0.890635	
-0.890586	
-0.890537	
-0.890488	
-0.890439	
-0.890390	
-0.890341	
-0.890292	
-0.890243	
-0.890194	
-0.890145	
-0.890096	
-0.890048	
-0.889999	
-0.889950	
-0.889901	
-0.889852	
-0.889804	
-0.889755	
-0.889706	
-0.889658	
-0.889609	
-0.889561	
-0.889512	
-0.889463	
-0.889415	
-0.889366	
-0.889318	
-0.889269	
-0.889221	
-0.889173	
-0.889124	
-0.889076	
-0.889028	
-0.888979	
-0.888931	
-0.888883	
-0.888835	
-0.888786	
-0.888738	
-0.888690	
-0.888642	
-0.888594	
-0.888546	
-0.888498	
-0.888450	
-0.888402	
-0.888354	
-0.888306	
-0.888258	
-0.888210	
-0.888162	
-0.888114	
-0.888066	
-0.888019	
-0.887971	
-0.887923	
-0.887875	
-0.887828	
-0.887780	
-0.887732	
-0.887685	
-0.887637	
-0.887589	
-0.887542	
-0.887494	
-0.887447	
-0.887399	
-0.887352	
-0.887304	
-0.887257	
-0.887209	
-0.887162	
-0.887115	
-0.887067	
-0.887020	
-0.886973	
-0.886926	
-0.886878	
-0.886831	
-0.886784	
-0.886737	
-0.886690	
-0.886643	
-0.886595	
-0.886548	
-0.886501	
-0.886454	
-0.886407	
-0.886360	
-0.886313	
-0.886266	
-0.886220	
-0.886173	
-0.886126	
-0.886079	
-0.886032	
-0.885985	
-0.885939	
-0.885892	
-0.885845	
-0.885799	
-0.885752	
-0.885705	
-0.885659	
-0.885612	
-0.885565	
-0.885519	
-0.885472	
-0.885426	
-0.885379	
-0.885333	
-0.885287	
-0.885240	
-0.885194	
-0.885147	
-0.885101	
-0.885055	
-0.885009	
-0.884962	
-0.884916	
-0.884870	
-0.884824	
-0.884777	
-0.884731	
-0.884685	
-0.884639	
-0.884593	
-0.884547	
-0.884501	
-0.884455	
-0.884409	
-0.884363	
-0.884317	
-0.884271	
-0.884225	
-0.884179	
-0.884134	
-0.884088	
-0.884042	
-0.883996	
-0.883950	
-0.883905	
-0.883859	
-0.883813	
-0.883768	
-0.883722	
-0.883677	
-0.883631	
-0.883585	
-0.883540	
-0.883494	
-0.883449	
-0.883403	
-0.883358	
-0.883312	
-0.883267	
-0.883222	
-0.883176	
-0.883131	
-0.883086	
-0.883040	
-0.882995	
-0.882950	
-0.882905	
-0.882860	
-0.882814	
-0.882769	
-0.882724	
-0.882679	
-0.882634	
-0.882589	
-0.882544	
-0.882499	
-0.882454	
-0.882409	
-0.882364	
-0.882319	
-0.882274	
-0.882229	
-0.882184	
-0.882140	
-0.882095	
-0.882050	
-0.882005	
-0.881960	
-0.881916	
-0.881871	
-0.881826	
-0.881782	
-0.881737	
-0.881693	
-0.881648	
-0.881603	
-0.881559	
-0.881514	
-0.881470	
-0.881425	
-0.881381	
-0.881337	
-0.881292	
-0.881248	
-0.881203	
-0.881159	
-0.881115	
-0.881070	
-0.881026	
-0.880982	
-0.880938	
-0.880894	
-0.880849	
-0.880805	
-0.880761	
-0.880717	
-0.880673	
-0.880629	
-0.880585	
-0.880541	
-0.880497	
-0.880453	
-0.880409	
-0.880365	
-0.880321	
-0.880277	
-0.880233	
-0.880189	
-0.880146	
-0.880102	
-0.880058	
-0.880014	
-0.879971	
-0.879927	
-0.879883	
-0.879839	
-0.879796	
-0.879752	
-0.879709	
-0.879665	
-0.879621	
-0.879578	
-0.879534	
-0.879491	
-0.879447	
-0.879404	
-0.879361	
-0.879317	
-0.879274	
-0.879230	
-0.879187	
-0.879144	
-0.879100	
-0.879057	
-0.879014	
-0.878971	
-0.878928	
-0.878884	
-0.878841	
-0.878798	
-0.878755	
-0.878712	
-0.878669	
-0.878626	
-0.878583	
-0.878540	
-0.878497	
-0.878454	
-0.878411	
-0.878368	
-0.878325	
-0.878282	
-0.878239	
-0.878196	
-0.878153	
-0.878111	
-0.878068	
-0.878025	
-0.877982	
-0.877940	
-0.877897	
-0.877854	
-0.877812	
-0.877769	
-0.877726	
-0.877684	
-0.877641	
-0.877599	
-0.877556	
-0.877514	
-0.877471	
-0.877429	
-0.877386	
-0.877344	
-0.877302	
-0.877259	
-0.877217	
-0.877174	
-0.877132	
-0.877090	
-0.877048	
-0.877005	
-0.876963	
-0.876921	
-0.876879	
-0.876837	
-0.876794	
-0.876752	
-0.876710	
-0.876668	
-0.876626	
-0.876584	
-0.876542	
-0.876500	
-0.876458	
-0.876416	
-0.876374	
-0.876332	
-0.876290	
-0.876248	
-0.876207	
-0.876165	
-0.876123	
-0.876081	
-0.876039	
-0.875998	
-0.875956	
-0.875914	
-0.875873	
-0.875831	
-0.875789	
-0.875748	
-0.875706	
-0.875664	
-0.875623	
-0.875581	
-0.875540	
-0.875498	
-0.875457	
-0.875415	
-0.875374	
-0.875333	
-0.875291	
-0.875250	
-0.875208	
-0.875167	
-0.875126	
-0.875084	
-0.875043	
-0.875002	
-0.874961	
-0.874919	
-0.874878	
-0.874837	
-0.874796	
-0.874755	
-0.874714	
-0.874673	
-0.874632	
-0.874590	
-0.874549	
-0.874508	
-0.874467	
-0.874426	
-0.874385	
-0.874345	
-0.874304	
-0.874263	
-0.874222	
-0.874181	
-0.874140	
-0.874099	
-0.874059	
-0.874018	
-0.873977	
-0.873936	
-0.873896	
-0.873855	
-0.873814	
-0.873774	
-0.873733	
-0.873692	
-0.873652	
-0.873611	
-0.873571	
-0.873530	
-0.873490	
-0.873449	
-0.873409	
-0.873368	
-0.873328	
-0.873287	
-0.873247	
-0.873207	
-0.873166	
-0.873126	
-0.873085	
-0.873045	
-0.873005	
-0.872965	
-0.872924	
-0.872884	
-0.872844	
-0.872804	
-0.872764	
-0.872724	
-0.872683	
-0.872643	
-0.872603	
-0.872563	
-0.872523	
-0.872483	
-0.872443	
-0.872403	
-0.872363	
-0.872323	
-0.872283	
-0.872243	
-0.872203	
-0.872164	
-0.872124	
-0.872084	
-0.872044	
-0.872004	
-0.871964	
-0.871925	
-0.871885	
-0.871845	
-0.871806	
-0.871766	
-0.871726	
-0.871687	
-0.871647	
-0.871607	
-0.871568	
-0.871528	
-0.871489	
-0.871449	
-0.871410	
-0.871370	
-0.871331	
-0.871291	
-0.871252	
-0.871212	
-0.871173	
-0.871134	
-0.871094	
-0.871055	
-0.871016	
-0.870976	
-0.870937	
-0.870898	
-0.870859	
-0.870819	
-0.870780	
-0.870741	
-0.870702	
-0.870663	
-0.870623	
-0.870584	
-0.870545	
-0.870506	
-0.870467	
-0.870428	
-0.870389	
-0.870350	
-0.870311	
-0.870272	
-0.870233	
-0.870194	
-0.870155	
-0.870116	
-0.870078	
-0.870039	
-0.870000	
-0.869961	
-0.869922	
-0.869883	
-0.869845	
-0.869806	
-0.869767	
-0.869729	
-0.869690	
-0.869651	
-0.869613	
-0.869574	
-0.869535	
-0.869497	
-0.869458	
-0.869420	
-0.869381	
-0.869343	
-0.869304	
-0.869266	
-0.869227	
-0.869189	
-0.869150	
-0.869112	
-0.869073	
-0.869035	
-0.868997	
-0.868958	
-0.868920	
-0.868882	
-0.868843	
-0.868805	
-0.868767	
-0.868729	
-0.868690	
-0.868652	
-0.868614	
-0.868576	
-0.868538	
-0.868500	
-0.868462	
-0.868423	
-0.868385	
-0.868347	
-0.868309	
-0.868271	
-0.868233	
-0.868195	
-0.868157	
-0.868119	
-0.868081	
-0.868044	
-0.868006	
-0.867968	
-0.867930	
-0.867892	
-0.867854	
-0.867816	
-0.867779	
-0.867741	
-0.867703	
-0.867665	
-0.867628	
-0.867590	
-0.867552	
-0.867515	
-0.867477	
-0.867439	
-0.867402	
-0.867364	
-0.867327	
-0.867289	
-0.867251	
-0.867214	
-0.867176	
-0.867139	
-0.867101	
-0.867064	
-0.867027	
-0.866989	
-0.866952	
-0.866914	
-0.866877	
-0.866840	
-0.866802	
-0.866765	
-0.866728	
-0.866690	
-0.866653	
-0.866616	
-0.866579	
-0.866542	
-0.866504	
-0.866467	
-0.866430	
-0.866393	
-0.866356	
-0.866319	
-0.866282	
-0.866244	
-0.866207	
-0.866170	
-0.866133	
-0.866096	
-0.866059	
-0.866022	
-0.865985	
-0.865948	
-0.865912	
-0.865875	
-0.865838	
-0.865801	
-0.865764	
-0.865727	
-0.865690	
-0.865654	
-0.865617	
-0.865580	
-0.865543	
-0.865507	
-0.865470	
-0.865433	
-0.865396	
-0.865360	
-0.865323	
-0.865286	
-0.865250	
-0.865213	
-0.865177	
-0.865140	
-0.865104	
-0.865067	
-0.865030	
-0.864994	
-0.864958	
-0.864921	
-0.864885	
-0.864848	
-0.864812	
-0.864775	
-0.864739	
-0.864703	
-0.864666	
-0.864630	
-0.864594	
-0.864557	
-0.864521	
-0.864485	
-0.864448	
-0.864412	
-0.864376	
-0.864340	
-0.864304	
-0.864267	
-0.864231	
-0.864195	
-0.864159	
-0.864123	
-0.864087	
-0.864051	
-0.864015	
-0.863979	
-0.863943	
-0.863907	
-0.863871	
-0.863835	
-0.863799	
-0.863763	
-0.863727	
-0.863691	
-0.863655	
-0.863619	
-0.863583	
-0.863547	
-0.863512	
-0.863476	
-0.863440	
-0.863404	
-0.863368	
-0.863333	
-0.863297	
-0.863261	
-0.863226	
-0.863190	
-0.863154	
-0.863119	
-0.863083	
-0.863047	
-0.863012	
-0.862976	
-0.862941	
-0.862905	
-0.862869	
-0.862834	
-0.862798	
-0.862763	
-0.862727	
-0.862692	
-0.862657	
-0.862621	
-0.862586	
-0.862550	
-0.862515	
-0.862480	
-0.862444	
-0.862409	
-0.862374	
-0.862338	
-0.862303	
-0.862268	
-0.862232	
-0.862197	
-0.862162	
-0.862127	
-0.862092	
-0.862056	
-0.862021	
-0.861986	
-0.861951	
-0.861916	
-0.861881	
-0.861846	
-0.861811	
-0.861775	
-0.861740	
-0.861705	
-0.861670	
-0.861635	
-0.861600	
-0.861565	
-0.861531	
-0.861496	
-0.861461	
-0.861426	
-0.861391	
-0.861356	
-0.861321	
-0.861286	
-0.861251	
-0.861217	
-0.861182	
-0.861147	
-0.861112	
-0.861078	
-0.861043	
-0.861008	
-0.860973	
-0.860939	
-0.860904	
-0.860869	
-0.860835	
-0.860800	
-0.860766	
-0.860731	
-0.860696	
-0.860662	
-0.860627	
-0.860593	
-0.860558	
-0.860524	
-0.860489	
-0.860455	
-0.860420	
-0.860386	
-0.860351	
-0.860317	
-0.860283	
-0.860248	
-0.860214	
-0.860179	
-0.860145	
-0.860111	
-0.860076	
-0.860042	
-0.860008	
-0.859974	
-0.859939	
-0.859905	
-0.859871	
-0.859837	
-0.859803	
-0.859768	
-0.859734	
-0.859700	
-0.859666	
-0.859632	
-0.859598	
-0.859564	
-0.859530	
-0.859495	
-0.859461	
-0.859427	
-0.859393	
-0.859359	
-0.859325	
-0.859291	
-0.859257	
-0.859224	
-0.859190	
-0.859156	
-0.859122	
-0.859088	
-0.859054	
-0.859020	
-0.858986	
-0.858952	
-0.858919	
-0.858885	
-0.858851	
-0.858817	
-0.858784	
-0.858750	
-0.858716	
-0.858682	
-0.858649	
-0.858615	
-0.858581	
-0.858548	
-0.858514	
-0.858480	
-0.858447	
-0.858413	
-0.858380	
-0.858346	
-0.858313	
-0.858279	
-0.858246	
-0.858212	
-0.858178	
-0.858145	
-0.858112	
-0.858078	
-0.858045	
-0.858011	
-0.857978	
-0.857944	
-0.857911	
-0.857878	
-0.857844	
-0.857811	
-0.857778	
-0.857744	
-0.857711	
-0.857678	
-0.857645	
-0.857611	
-0.857578	
-0.857545	
-0.857512	
-0.857478	
-0.857445	
-0.857412	
-0.857379	
-0.857346	
-0.857313	
-0.857280	
-0.857246	
-0.857213	
-0.857180	
-0.857147	
-0.857114	
-0.857081	
-0.857048	
-0.857015	
-0.856982	
-0.856949	
-0.856916	
-0.856883	
-0.856850	
-0.856817	
-0.856784	
-0.856752	
-0.856719	
-0.856686	
-0.856653	
-0.856620	
-0.856587	
-0.856555	
-0.856522	
-0.856489	
-0.856456	
-0.856423	
-0.856391	
-0.856358	
-0.856325	
-0.856293	
-0.856260	
-0.856227	
-0.856195	
-0.856162	
-0.856129	
-0.856097	
-0.856064	
-0.856031	
-0.855999	
-0.855966	
-0.855934	
-0.855901	
-0.855869	
-0.855836	
-0.855804	
-0.855771	
-0.855739	
-0.855706	
-0.855674	
-0.855641	
-0.855609	
-0.855577	
-0.855544	
-0.855512	
-0.855479	
-0.855447	
-0.855415	
-0.855382	
-0.855350	
-0.855318	
-0.855286	
-0.855253	
-0.855221	
-0.855189	
-0.855157	
-0.855124	
-0.855092	
-0.855060	
-0.855028	
-0.854996	
-0.854963	
-0.854931	
-0.854899	
-0.854867	
-0.854835	
-0.854803	
-0.854771	
-0.854739	
-0.854707	
-0.854675	
-0.854643	
-0.854611	
-0.854579	
-0.854547	
-0.854515	
-0.854483	
-0.854451	
-0.854419	
-0.854387	
-0.854355	
-0.854323	
-0.854291	
-0.854260	
-0.854228	
-0.854196	
-0.854164	
-0.854132	
-0.854100	
-0.854069	
-0.854037	
-0.854005	
-0.853973	
-0.853942	
-0.853910	
-0.853878	
-0.853847	
-0.853815	
-0.853783	
-0.853752	
-0.853720	
-0.853688	
-0.853657	
-0.853625	
-0.853593	
-0.853562	
-0.853530	
-0.853499	
-0.853467	
-0.853436	
-0.853404	
-0.853373	
-0.853341	
-0.853310	
-0.853278	
-0.853247	
-0.853215	
-0.853184	
-0.853153	
-0.853121	
-0.853090	
-0.853058	
-0.853027	
-0.852996	
-0.852964	
-0.852933	
-0.852902	
-0.852870	
-0.852839	
-0.852808	
-0.852777	
-0.852745	
-0.852714	
-0.852683	
-0.852652	
-0.852620	
-0.852589	
-0.852558	
-0.852527	
-0.852496	
-0.852465	
-0.852434	
-0.852402	
-0.852371	
-0.852340	
-0.852309	
-0.852278	
-0.852247	
-0.852216	
-0.852185	
-0.852154	
-0.852123	
-0.852092	
-0.852061	
-0.852030	
-0.851999	
-0.851968	
-0.851937	
-0.851906	
-0.851875	
-0.851845	
-0.851814	
-0.851783	
-0.851752	
-0.851721	
-0.851690	
-0.851660	
-0.851629	
-0.851598	
-0.851567	
-0.851536	
-0.851506	
-0.851475	
-0.851444	
-0.851413	
-0.851383	
-0.851352	
-0.851321	
-0.851291	
-0.851260	
-0.851229	
-0.851199	
-0.851168	
-0.851138	
-0.851107	
-0.851076	
-0.851046	
-0.851015	
-0.850985	
-0.850954	
-0.850924	
-0.850893	
-0.850863	
-0.850832	
-0.850802	
-0.850771	
-0.850741	
-0.850710	
-0.850680	
-0.850649	
-0.850619	
-0.850589	
-0.850558	
-0.850528	
-0.850498	
-0.850467	
-0.850437	
-0.850407	
-0.850376	
-0.850346	
-0.850316	
-0.850285	
-0.850255	
-0.850225	
-0.850195	
-0.850164	
-0.850134	
-0.850104	
-0.850074	
-0.850044	
-0.850013	
-0.849983	
-0.849953	
-0.849923	
-0.849893	
-0.849863	
-0.849833	
-0.849803	
-0.849772	
-0.849742	
-0.849712	
-0.849682	
-0.849652	
-0.849622	
-0.849592	
-0.849562	
-0.849532	
-0.849502	
-0.849472	
-0.849442	
-0.849412	
-0.849383	
-0.849353	
-0.849323	
-0.849293	
-0.849263	
