0.440300
0.436200
0.384000
0.395900
0.401300
0.403500
0.404500
0.405100
0.405400
0.405700
0.406000
0.406200
0.406400
0.406600
0.406800
0.407000
0.407100
0.407200
0.407300
0.407400
0.407500
0.407500
0.407500
0.407400
0.407400
0.407200
0.407100
0.406900
0.406700
0.406300
0.405900
0.405500
0.405000
0.404300
0.403700
0.402900
0.402100
0.401200
0.400100
0.399000
0.397800
0.396400
0.395000
0.393500
0.391900
0.390200
0.388500
0.386700
0.384800
0.382800
0.380800
0.378700
0.376600
0.374400
0.372200
0.369900
0.367600
0.365200
0.362700
0.360200
0.357700
0.355100
0.352500
0.349800
0.347100
0.344400
0.341700
0.339000
0.336200
0.333500
0.330700
0.327800
0.325000
0.322200
0.319300
0.316400
0.313500
0.310600
0.307600
0.304700
0.301700
0.298600
0.295600
0.292500
0.289300
0.286200
0.283000
0.279800
0.276500
0.273200
0.269800
0.266400
0.263000
0.259500
0.256000
0.252400
0.248800
0.245100
0.241400
0.237700
0.234000
0.230200
0.226400
0.222600
0.218700
0.214900
0.211000
0.207200
0.203300
0.199400
0.195600
0.191800
0.188000
0.184200
0.180400
0.176700
0.173000
0.169300
0.165700
0.162200
0.158700
0.155300
0.151900
0.148700
0.145700
0.142700
0.139800
0.137100
0.134400
0.131900
0.129500
0.127100
0.124800
0.122500
0.120400
0.118300
0.116400
0.114500
0.112700
0.110900
0.109200
0.107500
0.105900
0.104300
0.102700
0.101200
0.099800
0.098400
0.097200
0.096200
0.095300
0.094500
0.093800
0.093100
0.092500
0.091900
0.091400
0.090800
0.090300
0.089800
0.089400
0.088900
0.088500
0.088100
0.087800
0.087400
0.087000
0.086600
0.086200
0.085800
0.085400
0.085000
0.084600
0.084100
0.083700
0.083300
0.082900
0.082500
0.082100
0.081700
0.081300
0.080900
0.080500
0.080100
0.079700
0.079300
0.078900
0.078500
0.078100
0.077700
0.077300
0.076900
0.076500
0.076200
0.075800
0.075400
0.075000
0.074600
0.074300
0.073900
0.073500
0.073100
0.072800
0.072400
0.072100
0.071700
0.071400
0.071000
0.070700
0.070300
0.070000
0.069700
0.069300
0.069000
0.068700
0.068300
0.068000
0.067700
0.067400
0.067100
0.066700
0.066400
0.066100
0.065800
0.065500
0.065200
0.064900
0.064600
0.064300
0.064100
0.063800
0.063500
0.063200
0.062900
0.062700
0.062400
0.062100
0.061800
0.061600
0.061300
0.061000
0.060800
0.060500
0.060300
0.060000
0.059700
0.059500
0.059200
0.059000
0.058700
0.058500
0.058300
0.058000
0.057800
0.057500
0.057300
0.057100
0.056800
0.056600
0.056400
0.056200
0.055900
0.055700
0.055500
0.055300
0.055000
0.054800
0.054600
0.054400
0.054200
0.053900
0.053700
0.053500
0.053300
0.053100
0.052900
0.052700
0.052500
0.052300
0.052100
0.051900
0.051700
0.051500
0.051300
0.051100
0.050900
0.050700
0.050500
0.050300
0.050100
0.049900
0.049700
0.049500
0.049300
0.049200
0.049000
0.048800
0.048600
0.048400
0.048200
0.048100
0.047900
0.047700
0.047500
0.047400
0.047200
0.047000
0.046800
0.046700
0.046500
0.046300
0.046200
0.046000
0.045800
0.045700
0.045500
0.045300
0.045200
0.045000
0.044900
0.044700
0.044500
0.044400
0.044200
0.044100
0.043900
0.043800
0.043600
0.043500
0.043300
0.043200
0.043000
0.042900
0.042700
0.042600
0.042400
0.042300
0.042200
0.042000
0.041900
0.041700
0.041600
0.041500
0.041300
0.041200
0.041000
0.040900
0.040800
0.040600
0.040500
0.040400
0.040200
0.040100
0.040000
0.039800
0.039700
0.039600
0.039500
0.039300
0.039200
0.039100
0.039000
0.038800
0.038700
0.038600
0.038500
0.038300
0.038200
0.038100
0.038000
0.037900
0.037700
0.037600
0.037500
0.037400
0.037300
0.037100
0.037000
0.036900
0.036800
0.036700
0.036600
0.036500
0.036300
0.036200
0.036100
0.036000
0.035900
0.035800
0.035700
0.035600
0.035500
0.035400
0.035300
0.035200
0.035100
0.035000
0.034900
0.034800
0.034700
0.034600
0.034500
0.034400
0.034300
0.034200
0.034100
0.034000
0.033900
0.033800
0.033700
0.033600
0.033500
0.033400
0.033300
0.033200
0.033100
0.033000
0.032900
0.032800
0.032700
0.032600
0.032600
0.032500
0.032400
0.032300
0.032200
0.032100
0.032000
0.032000
0.031900
0.031800
0.031700
0.031600
0.031500
0.031400
0.031400
0.031300
0.031200
0.031100
0.031000
0.031000
0.030900
0.030800
0.030700
0.030600
0.030600
0.030500
0.030400
0.030300
0.030200
0.030200
0.030100
0.030000
0.029900
0.029900
0.029800
0.029700
0.029600
0.029600
0.029500
0.029400
0.029300
0.029300
0.029200
0.029100
0.029100
0.029000
0.028900
0.028800
0.028800
0.028700
0.028600
0.028600
0.028500
0.028400
0.028400
0.028300
0.028200
0.028200
0.028100
0.028000
0.028000
0.027900
0.027800
0.027800
0.027700
0.027600
0.027600
0.027500
0.027500
0.027400
0.027400
0.027300
0.027300
0.027200
0.027100
0.027100
0.027000
0.027000
0.026900
0.026900
0.026800
0.026800
0.026700
0.026700
0.026600
0.026600
0.026600
0.026500
0.026500
0.026400
0.026400
0.026300
0.026300
0.026200
0.026200
0.026100
0.026100
0.026100
0.026000
0.026000
0.025900
0.025900
0.025800
0.025800
0.025800
0.025700
0.025700
0.025600
0.025600
0.025600
0.025500
0.025500
0.025400
0.025400
0.025400
0.025300
0.025300
0.025200
0.025200
0.025200
0.025100
0.025100
0.025100
0.025000
0.025000
0.025000
0.024900
0.024900
0.024800
0.024800
0.024800
0.024700
0.024700
0.024700
0.024600
0.024600
0.024600
0.024500
0.024500
0.024500
0.024400
0.024400
0.024400
0.024400
0.024300
0.024300
0.024300
0.024200
0.024200
0.024200
0.024200
0.024100
0.024100
0.024100
0.024000
0.024000
0.024000
0.024000
0.023900
0.023900
0.023900
0.023800
0.023800
0.023800
0.023800
0.023700
0.023700
0.023700
0.023700
0.023600
0.023600
0.023600
0.023600
0.023500
0.023500
0.023500
0.023400
0.023400
0.023400
0.023400
0.023300
0.023300
0.023300
0.023300
0.023300
0.023200
0.023200
0.023200
0.023200
0.023100
0.023100
0.023100
0.023100
0.023000
0.023000
0.023000
0.023000
0.023000
0.022900
0.022900
0.022900
0.022900
0.022800
0.022800
0.022800
0.022800
0.022800
0.022700
0.022700
0.022700
0.022700
0.022700
0.022600
0.022600
0.022600
0.022600
0.022600
0.022500
0.022500
0.022500
0.022500
0.022500
0.022400
0.022400
0.022400
0.022400
0.022400
0.022300
0.022300
0.022300
0.022300
0.022300
0.022200
0.022200
0.022200
0.022200
0.022200
0.022100
0.022100
0.022100
0.022100
0.022100
0.022000
0.022000
0.022000
0.022000
0.022000
0.022000
0.021900
0.021900
0.021900
0.021900
0.021900
0.021800
0.021800
0.021800
0.021800
0.021800
0.021800
0.021700
0.021700
0.021700
0.021700
0.021700
0.021700
0.021600
0.021600
0.021600
0.021600
0.021600
0.021600
0.021500
0.021500
0.021500
0.021500
0.021500
0.021500
0.021400
0.021400
0.021400
0.021400
0.021400
0.021400
0.021300
0.021300
0.021300
0.021300
0.021300
0.021300
0.021300
0.021200
0.021200
0.021200
0.021200
0.021200
0.021200
0.021200
0.021100
0.021100
0.021100
0.021100
0.021100
0.021100
0.021100
0.021000
0.021000
0.021000
0.021000
0.021000
0.021000
0.021000
0.021000
0.020900
0.020900
0.020900
0.020900
0.020900
0.020900
0.020900
0.020900
0.020800
0.020800
0.020800
0.020800
0.020800
0.020800
0.020800
0.020700
0.020700
0.020700
0.020700
0.020700
0.020700
0.020700
0.020700
0.020700
0.020600
0.020600
0.020600
0.020600
0.020600
0.020600
0.020600
0.020600
0.020500
0.020500
0.020500
0.020500
0.020500
0.020500
0.020500
0.020500
0.020500
0.020400
0.020400
0.020400
0.020400
0.020400
0.020400
0.020400
0.020400
0.020400
0.020300
0.020300
0.020300
0.020300
0.020300
0.020300
0.020300
0.020300
0.020300
0.020200
0.020200
0.020200
0.020200
0.020200
0.020200
0.020200
0.020200
0.020200
0.020100
0.020100
0.020100
0.020100
0.020100
0.020100
0.020100
0.020100
0.020100
0.020100
0.020000
0.020000
0.020000
0.020000
0.020000
0.020000
0.020000
0.020000
0.020000
0.020000
0.020000
0.019900
0.019900
0.019900
0.019900
0.019900
0.019900
0.019900
0.019900
0.019900
0.019900
0.019800
0.019800
0.019800
0.019800
0.019800
0.019800
0.019800
0.019800
0.019800
0.019800
0.019800
0.019700
0.019700
0.019700
0.019700
0.019700
0.019700
0.019700
0.019700
0.019700
0.019700
0.019700
0.019600
0.019600
0.019600
0.019600
0.019600
0.019600
0.019600
0.019600
0.019600
0.019600
0.019600
0.019500
0.019500
0.019500
0.019500
0.019500
0.019500
0.019500
0.019500
0.019500
0.019500
0.019500
0.019500
0.019400
0.019400
0.019400
0.019400
0.019400
0.019400
0.019400
0.019400
0.019400
0.019400
0.019400
0.019300
0.019300
0.019300
0.019300
0.019300
0.019300
0.019300
0.019300
0.019300
0.019300
0.019300
0.019300
0.019200
0.019200
0.019200
0.019200
0.019200
0.019200
0.019200
0.019200
0.019200
0.019200
0.019200
0.019200
0.019100
0.019100
0.019100
0.019100
0.019100
0.019100
0.019100
0.019100
0.019100
0.019100
0.019100
0.019100
0.019000
0.019000
0.019000
0.019000
0.019000
0.019000
0.019000
0.019000
0.019000
0.019000
0.019000
0.019000
0.018900
0.018900
0.018900
0.018900
0.018900
0.018900
0.018900
0.018900
0.018900
0.018900
0.018900
0.018900
0.018900
0.018800
0.018800
0.018800
0.018800
0.018800
0.018800
0.018800
0.018800
0.018800
0.018800
0.018800
0.018800
0.018800
0.018700
0.018700
0.018700
0.018700
0.018700
0.018700
0.018700
0.018700
0.018700
0.018700
0.018700
0.018700
0.018700
0.018600
0.018600
0.018600
0.018600
0.018600
0.018600
0.018600
0.018600
0.018600
0.018600
0.018600
0.018600
0.018600
0.018600
0.018500
0.018500
0.018500
0.018500
0.018500
0.018500
0.018500
0.018500
0.018500
0.018500
0.018500
0.018500
0.018500
0.018500
0.018400
0.018400
0.018400
0.018400
0.018400
0.018400
0.018400
0.018400
0.018400
0.018400
0.018400
0.018400
0.018400
0.018400
0.018300
0.018300
0.018300
0.018300
0.018300
0.018300
0.018300
0.018300
0.018300
0.018300
0.018300
0.018300
0.018300
0.018300
0.018300
0.018200
0.018200
0.018200
0.018200
0.018200
0.018200
0.018200
0.018200
0.018200
0.018200
0.018200
0.018200
0.018200
0.018200
0.018100
0.018100
0.018100
0.018100
0.018100
0.018100
0.018100
0.018100
0.018100
0.018100
0.018100
0.018100
0.018100
0.018100
0.018100
0.018000
0.018000
0.018000
0.018000
0.018000
0.018000
0.018000
0.018000
0.018000
0.018000
0.018000
0.018000
0.018000
0.018000
0.017900
0.017900
0.017900
0.017900
0.017900
0.017900
0.017900
0.017900
0.017900
0.017900
0.017900
0.017900
0.017900
0.017900
0.017900
0.017800
0.017800
0.017800
0.017800
0.017800
0.017800
0.017800
0.017800
0.017800
0.017800
0.017800
0.017800
0.017800
0.017800
0.017800
0.017800
0.017700
0.017700
0.017700
0.017700
0.017700
0.017700
0.017700
0.017700
0.017700
0.017700
0.017700
0.017700
0.017700
0.017700
0.017700
0.017600
0.017600
0.017600
0.017600
0.017600
0.017600
0.017600
0.017600
0.017600
0.017600
0.017600
0.017600
0.017600
0.017600
0.017600
0.017600
0.017500
0.017500
0.017500
0.017500
0.017500
0.017500
0.017500
0.017500
0.017500
0.017500
0.017500
0.017500
0.017500
0.017500
0.017500
0.017500
0.017400
0.017400
0.017400
0.017400
0.017400
0.017400
0.017400
0.017400
0.017400
0.017400
0.017400
0.017400
0.017400
0.017400
0.017400
0.017400
0.017400
0.017300
0.017300
0.017300
0.017300
0.017300
0.017300
0.017300
0.017300
0.017300
0.017300
0.017300
0.017300
0.017300
0.017300
0.017300
0.017300
0.017200
0.017200
0.017200
0.017200
0.017200
0.017200
0.017200
0.017200
0.017200
0.017200
0.017200
0.017200
0.017200
0.017200
0.017200
0.017200
0.017200
0.017100
0.017100
0.017100
0.017100
0.017100
0.017100
0.017100
0.017100
0.017100
0.017100
0.017100
0.017100
0.017100
0.017100
0.017100
0.017100
0.017000
0.017000
0.017000
0.017000
0.017000
0.017000
0.017000
0.017000
0.017000
0.017000
0.017000
0.017000
0.017000
0.017000
0.017000
0.017000
0.017000
0.016900
0.016900
0.016900
0.016900
0.016900
0.016900
0.016900
0.016900
0.016900
0.016900
0.016900
0.016900
0.016900
0.016900
0.016900
0.016900
0.016900
0.016800
0.016800
0.016800
0.016800
0.016800
0.016800
0.016800
0.016800
0.016800
0.016800
0.016800
0.016800
0.016800
0.016800
0.016800
0.016800
0.016800
0.016700
0.016700
0.016700
0.016700
0.016700
0.016700
0.016700
0.016700
0.016700
0.016700
0.016700
0.016700
0.016700
0.016700
0.016700
0.016700
0.016700
0.016600
0.016600
0.016600
0.016600
0.016600
0.016600
0.016600
0.016600
0.016600
0.016600
0.016600
0.016600
0.016600
0.016600
0.016600
0.016600
0.016600
0.016500
0.016500
0.016500
0.016500
0.016500
0.016500
0.016500
0.016500
0.016500
0.016500
0.016500
0.016500
0.016500
0.016500
0.016500
0.016500
0.016500
0.016500
0.016400
0.016400
0.016400
0.016400
0.016400
0.016400
0.016400
0.016400
0.016400
0.016400
0.016400
0.016400
0.016400
0.016400
0.016400
0.016400
0.016400
0.016300
0.016300
0.016300
0.016300
0.016300
0.016300
0.016300
0.016300
0.016300
0.016300
0.016300
0.016300
0.016300
0.016300
0.016300
0.016300
0.016300
0.016300
0.016200
0.016200
0.016200
0.016200
0.016200
0.016200
0.016200
0.016200
0.016200
0.016200
0.016200
0.016200
0.016200
0.016200
0.016200
0.016200
0.016200
0.016200
0.016100
0.016100
0.016100
0.016100
0.016100
0.016100
0.016100
0.016100
0.016100
0.016100
0.016100
0.016100
0.016100
0.016100
0.016100
0.016100
0.016100
0.016000
0.016000
0.016000
0.016000
0.016000
0.016000
0.016000
0.016000
0.016000
0.016000
0.016000
0.016000
0.016000
0.016000
0.016000
0.016000
0.016000
0.016000
0.015900
0.015900
0.015900
0.015900
0.015900
0.015900
0.015900
0.015900
0.015900
0.015900
0.015900
0.015900
0.015900
0.015900
0.015900
0.015900
0.015900
0.015900
0.015800
0.015800
0.015800
0.015800
0.015800
0.015800
0.015800
0.015800
0.015800
0.015800
0.015800
0.015800
0.015800
0.015800
0.015800
0.015800
0.015800
0.015800
0.015700
0.015700
0.015700
0.015700
0.015700
0.015700
0.015700
0.015700
0.015700
0.015700
0.015700
0.015700
0.015700
0.015700
0.015700
0.015700
0.015700
0.015700
0.015600
0.015600
0.015600
0.015600
0.015600
0.015600
0.015600
0.015600
0.015600
0.015600
0.015600
0.015600
0.015600
0.015600
0.015600
0.015600
0.015600
0.015600
0.015500
0.015500
0.015500
0.015500
0.015500
0.015500
0.015500
0.015500
0.015500
0.015500
0.015500
0.015500
0.015500
0.015500
0.015500
0.015500
0.015500
0.015500
0.015400
0.015400
0.015400
0.015400
0.015400
0.015400
0.015400
0.015400
0.015400
0.015400
0.015400
0.015400
0.015400
0.015400
0.015400
0.015400
0.015400
0.015400
0.015400
0.015300
0.015300
0.015300
0.015300
0.015300
0.015300
0.015300
0.015300
0.015300
0.015300
0.015300
0.015300
0.015300
0.015300
0.015300
0.015300
0.015300
0.015300
0.015200
0.015200
0.015200
0.015200
0.015200
0.015200
0.015200
0.015200
0.015200
0.015200
0.015200
0.015200
0.015200
0.015200
0.015200
0.015200
0.015200
0.015200
0.015200
0.015100
0.015100
0.015100
0.015100
0.015100
0.015100
0.015100
0.015100
0.015100
0.015100
0.015100
0.015100
0.015100
0.015100
0.015100
0.015100
0.015100
0.015100
0.015000
0.015000
0.015000
0.015000
0.015000
0.015000
0.015000
0.015000
0.015000
0.015000
0.015000
0.015000
0.015000
0.015000
0.015000
0.015000
0.015000
0.015000
0.015000
0.014900
0.014900
0.014900
0.014900
0.014900
0.014900
0.014900
0.014900
0.014900
0.014900
0.014900
0.014900
0.014900
0.014900
0.014900
0.014900
0.014900
0.014900
0.014900
0.014800
0.014800
0.014800
0.014800
0.014800
0.014800
0.014800
0.014800
0.014800
0.014800
0.014800
0.014800
0.014800
0.014800
0.014800
0.014800
0.014800
0.014800
0.014800
0.014700
0.014700
0.014700
0.014700
0.014700
0.014700
0.014700
0.014700
0.014700
0.014700
0.014700
0.014700
0.014700
0.014700
0.014700
0.014700
0.014700
0.014700
0.014700
0.014600
0.014600
0.014600
0.014600
0.014600
0.014600
0.014600
0.014600
0.014600
0.014600
0.014600
0.014600
0.014600
0.014600
0.014600
0.014600
0.014600
0.014600
0.014600
0.014500
0.014500
0.014500
0.014500
0.014500
0.014500
0.014500
0.014500
0.014500
0.014500
0.014500
0.014500
0.014500
0.014500
0.014500
0.014500
0.014500
0.014500
0.014500
0.014400
0.014400
0.014400
0.014400
0.014400
0.014400
0.014400
0.014400
0.014400
0.014400
0.014400
0.014400
0.014400
0.014400
0.014400
0.014400
0.014400
0.014400
0.014400
0.014400
0.014300
0.014300
0.014300
0.014300
0.014300
0.014300
0.014300
0.014300
0.014300
0.014300
0.014300
0.014300
0.014300
0.014300
0.014300
0.014300
0.014300
0.014300
0.014300
0.014200
0.014200
0.014200
0.014200
0.014200
0.014200
0.014200
0.014200
0.014200
0.014200
0.014200
0.014200
0.014200
0.014200
0.014200
0.014200
0.014200
0.014200
0.014200
0.014100
0.014100
0.014100
0.014100
0.014100
0.014100
0.014100
0.014100
0.014100
0.014100
0.014100
0.014100
0.014100
0.014100
0.014100
0.014100
0.014100
0.014100
0.014100
0.014100
0.014000
0.014000
0.014000
0.014000
0.014000
0.014000
0.014000
0.014000
0.014000
0.014000
0.014000
0.014000
0.014000
0.014000
0.014000
0.014000
0.014000
0.014000
0.014000
0.014000
0.013900
0.013900
0.013900
0.013900
0.013900
0.013900
0.013900
0.013900
0.013900
0.013900
0.013900
0.013900
0.013900
0.013900
0.013900
0.013900
0.013900
0.013900
0.013900
0.013900
0.013800
0.013800
0.013800
0.013800
0.013800
0.013800
0.013800
0.013800
0.013800
0.013800
0.013800
0.013800
0.013800
0.013800
0.013800
0.013800
0.013800
0.013800
0.013800
0.013800
0.013800
0.013700
0.013700
0.013700
0.013700
0.013700
0.013700
0.013700
0.013700
0.013700
0.013700
0.013700
0.013700
0.013700
0.013700
0.013700
0.013700
0.013700
0.013700
0.013700
0.013700
0.013600
0.013600
0.013600
0.013600
0.013600
0.013600
0.013600
0.013600
0.013600
0.013600
0.013600
0.013600
0.013600
0.013600
0.013600
0.013600
0.013600
0.013600
0.013600
0.013600
0.013500
0.013500
0.013500
0.013500
0.013500
0.013500
0.013500
0.013500
0.013500
0.013500
0.013500
0.013500
0.013500
0.013500
0.013500
0.013500
0.013500
0.013500
0.013500
0.013500
0.013500
0.013400
0.013400
0.013400
0.013400
0.013400
0.013400
0.013400
0.013400
0.013400
0.013400
0.013400
0.013400
0.013400
0.013400
0.013400
0.013400
0.013400
0.013400
0.013400
0.013400
0.013300
0.013300
0.013300
0.013300
0.013300
0.013300
0.013300
0.013300
0.013300
0.013300
0.013300
0.013300
0.013300
0.013300
0.013300
0.013300
0.013300
0.013300
0.013300
0.013300
0.013300
0.013200
0.013200
0.013200
0.013200
0.013200
0.013200
0.013200
0.013200
0.013200
0.013200
0.013200
0.013200
0.013200
0.013200
0.013200
0.013200
0.013200
0.013200
0.013200
0.013200
0.013200
0.013100
0.013100
0.013100
0.013100
0.013100
0.013100
0.013100
0.013100
0.013100
0.013100
0.013100
0.013100
0.013100
0.013100
0.013100
0.013100
0.013100
0.013100
0.013100
0.013100
0.013100
0.013000
0.013000
0.013000
0.013000
0.013000
0.013000
0.013000
0.013000
0.013000
0.013000
0.013000
0.013000
0.013000
0.013000
0.013000
0.013000
0.013000
0.013000
0.013000
0.013000
0.013000
0.013000
0.012900
0.012900
0.012900
0.012900
0.012900
0.012900
0.012900
0.012900
0.012900
0.012900
0.012900
0.012900
0.012900
0.012900
0.012900
0.012900
0.012900
0.012900
0.012900
0.012900
0.012900
0.012800
0.012800
0.012800
0.012800
0.012800
0.012800
0.012800
0.012800
0.012800
0.012800
0.012800
0.012800
0.012800
0.012800
0.012800
0.012800
0.012800
0.012800
0.012800
0.012800
0.012800
0.012800
0.012700
0.012700
0.012700
0.012700
0.012700
0.012700
0.012700
0.012700
0.012700
0.012700
0.012700
0.012700
0.012700
0.012700
0.012700
0.012700
0.012700
0.012700
0.012700
0.012700
0.012700
0.012700
0.012600
0.012600
0.012600
0.012600
0.012600
0.012600
0.012600
0.012600
0.012600
0.012600
0.012600
0.012600
0.012600
0.012600
0.012600
0.012600
0.012600
0.012600
0.012600
0.012600
0.012600
0.012600
0.012500
0.012500
0.012500
0.012500
0.012500
0.012500
0.012500
0.012500
0.012500
0.012500
0.012500
0.012500
0.012500
0.012500
0.012500
0.012500
0.012500
0.012500
0.012500
0.012500
0.012500
0.012500
0.012400
0.012400
0.012400
0.012400
0.012400
0.012400
0.012400
0.012400
0.012400
0.012400
0.012400
0.012400
0.012400
0.012400
0.012400
0.012400
0.012400
0.012400
0.012400
0.012400
0.012400
0.012400
0.012300
0.012300
0.012300
0.012300
0.012300
0.012300
0.012300
0.012300
0.012300
0.012300
0.012300
0.012300
0.012300
0.012300
0.012300
0.012300
0.012300
0.012300
0.012300
0.012300
0.012300
0.012300
0.012300
0.012200
0.012200
0.012200
0.012200
0.012200
0.012200
0.012200
0.012200
0.012200
0.012200
0.012200
0.012200
0.012200
0.012200
0.012200
0.012200
0.012200
0.012200
0.012200
0.012200
0.012200
0.012200
0.012100
0.012100
0.012100
0.012100
0.012100
0.012100
0.012100
0.012100
0.012100
0.012100
0.012100
0.012100
0.012100
0.012100
0.012100
0.012100
0.012100
0.012100
0.012100
0.012100
0.012100
0.012100
0.012100
0.012000
0.012000
0.012000
0.012000
0.012000
0.012000
0.012000
0.012000
0.012000
0.012000
0.012000
0.012000
0.012000
0.012000
0.012000
0.012000
0.012000
0.012000
0.012000
0.012000
0.012000
0.012000
0.012000
0.011900
0.011900
0.011900
0.011900
0.011900
0.011900
0.011900
0.011900
0.011900
0.011900
0.011900
0.011900
0.011900
0.011900
0.011900
0.011900
0.011900
0.011900
0.011900
0.011900
0.011900
0.011900
0.011900
0.011900
0.011800
0.011800
0.011800
0.011800
0.011800
0.011800
0.011800
0.011800
0.011800
0.011800
0.011800
0.011800
0.011800
0.011800
0.011800
0.011800
0.011800
0.011800
0.011800
0.011800
0.011800
0.011800
0.011800
0.011800
0.011700
0.011700
0.011700
0.011700
0.011700
0.011700
0.011700
0.011700
0.011700
0.011700
0.011700
0.011700
0.011700
0.011700
0.011700
0.011700
0.011700
0.011700
0.011700
0.011700
0.011700
0.011700
0.011700
0.011700
0.011600
0.011600
0.011600
0.011600
0.011600
0.011600
0.011600
0.011600
0.011600
0.011600
0.011600
0.011600
0.011600
0.011600
0.011600
0.011600
0.011600
0.011600
0.011600
0.011600
0.011600
0.011600
0.011600
0.011600
0.011500
0.011500
0.011500
0.011500
0.011500
0.011500
0.011500
0.011500
0.011500
0.011500
0.011500
0.011500
0.011500
0.011500
0.011500
0.011500
0.011500
0.011500
0.011500
0.011500
0.011500
0.011500
0.011500
0.011500
0.011500
0.011400
0.011400
0.011400
0.011400
0.011400
0.011400
0.011400
0.011400
0.011400
0.011400
0.011400
0.011400
0.011400
0.011400
0.011400
0.011400
0.011400
0.011400
0.011400
0.011400
0.011400
0.011400
0.011400
0.011400
0.011400
0.011300
0.011300
0.011300
0.011300
0.011300
0.011300
0.011300
0.011300
0.011300
0.011300
0.011300
0.011300
0.011300
0.011300
0.011300
0.011300
0.011300
0.011300
0.011300
0.011300
0.011300
0.011300
0.011300
0.011300
0.011300
0.011300
0.011200
0.011200
0.011200
0.011200
0.011200
0.011200
0.011200
0.011200
0.011200
0.011200
0.011200
0.011200
0.011200
0.011200
0.011200
0.011200
0.011200
0.011200
0.011200
0.011200
0.011200
0.011200
0.011200
0.011200
0.011200
0.011200
0.011100
0.011100
0.011100
0.011100
0.011100
0.011100
0.011100
0.011100
0.011100
0.011100
0.011100
0.011100
0.011100
0.011100
0.011100
0.011100
0.011100
0.011100
0.011100
0.011100
0.011100
0.011100
0.011100
0.011100
0.011100
0.011100
0.011000
0.011000
0.011000
0.011000
0.011000
0.011000
0.011000
0.011000
0.011000
0.011000
0.011000
0.011000
0.011000
0.011000
0.011000
0.011000
0.011000
0.011000
0.011000
0.011000
0.011000
0.011000
0.011000
0.011000
0.011000
0.011000
0.011000
0.010900
0.010900
0.010900
0.010900
0.010900
0.010900
0.010900
0.010900
0.010900
0.010900
0.010900
0.010900
0.010900
0.010900
0.010900
0.010900
0.010900
0.010900
0.010900
0.010900
0.010900
0.010900
0.010900
0.010900
0.010900
0.010900
0.010900
0.010800
0.010800
0.010800
0.010800
0.010800
0.010800
0.010800
0.010800
0.010800
0.010800
0.010800
0.010800
0.010800
0.010800
0.010800
0.010800
0.010800
0.010800
0.010800
0.010800
0.010800
0.010800
0.010800
0.010800
0.010800
0.010800
0.010800
0.010800
0.010700
0.010700
0.010700
0.010700
0.010700
0.010700
0.010700
0.010700
0.010700
0.010700
0.010700
0.010700
0.010700
0.010700
0.010700
0.010700
0.010700
0.010700
0.010700
0.010700
0.010700
0.010700
0.010700
0.010700
0.010700
0.010700
0.010700
0.010700
0.010600
0.010600
0.010600
0.010600
0.010600
0.010600
0.010600
0.010600
0.010600
0.010600
0.010600
0.010600
0.010600
0.010600
0.010600
0.010600
0.010600
0.010600
0.010600
0.010600
0.010600
0.010600
0.010600
0.010600
0.010600
0.010600
0.010600
0.010600
0.010500
0.010500
0.010500
0.010500
0.010500
0.010500
0.010500
0.010500
0.010500
0.010500
0.010500
0.010500
0.010500
0.010500
0.010500
0.010500
0.010500
0.010500
0.010500
0.010500
0.010500
0.010500
0.010500
0.010500
0.010500
0.010500
0.010500
0.010500
0.010400
0.010400
0.010400
0.010400
0.010400
0.010400
0.010400
0.010400
0.010400
0.010400
0.010400
0.010400
0.010400
0.010400
0.010400
0.010400
0.010400
0.010400
0.010400
0.010400
0.010400
0.010400
0.010400
0.010400
0.010400
0.010400
0.010400
0.010400
0.010400
0.010300
0.010300
0.010300
0.010300
0.010300
0.010300
0.010300
0.010300
0.010300
0.010300
0.010300
0.010300
0.010300
0.010300
0.010300
0.010300
0.010300
0.010300
0.010300
0.010300
0.010300
0.010300
0.010300
0.010300
0.010300
0.010300
0.010300
0.010300
0.010300
0.010300
0.010200
0.010200
0.010200
0.010200
0.010200
0.010200
0.010200
0.010200
0.010200
0.010200
0.010200
0.010200
0.010200
0.010200
0.010200
0.010200
0.010200
0.010200
0.010200
0.010200
0.010200
0.010200
0.010200
0.010200
0.010200
0.010200
0.010200
0.010200
0.010200
0.010100
0.010100
0.010100
0.010100
0.010100
0.010100
0.010100
0.010100
0.010100
0.010100
0.010100
0.010100
0.010100
0.010100
0.010100
0.010100
0.010100
0.010100
0.010100
0.010100
0.010100
0.010100
0.010100
0.010100
0.010100
0.010100
0.010100
0.010100
0.010100
0.010100
0.010100
0.010100
0.010100
0.010000
0.010000
0.010000
0.010000
0.010000
0.010000
0.010000
0.010000
0.010000
0.010000
0.010000
0.010000
0.010000
0.010000
0.010000
0.010000
0.010000
0.010000
0.010000
0.010000
0.010000
0.010000
0.010000
0.010000
0.010000
0.010000
0.010000
0.010000
0.010000
0.010000
0.010000
0.010000
0.010000
0.009900
0.009900
0.009900
0.009900
0.009900
0.009900
0.009900
0.009900
0.009900
0.009900
0.009900
0.009900
0.009900
0.009900
0.009900
0.009900
0.009900
0.009900
0.009900
0.009900
0.009900
0.009900
0.009900
0.009900
0.009900
0.009900
0.009900
0.009900
0.009900
0.009900
0.009900
0.009900
0.009900
0.009900
0.009800
0.009800
0.009800
0.009800
0.009800
0.009800
0.009800
0.009800
0.009800
0.009800
0.009800
0.009800
0.009800
0.009800
0.009800
0.009800
0.009800
0.009800
0.009800
0.009800
0.009800
0.009800
0.009800
0.009800
0.009800
0.009800
0.009800
0.009800
0.009800
0.009800
0.009800
0.009800
0.009800
0.009800
0.009800
0.009700
0.009700
0.009700
0.009700
0.009700
0.009700
0.009700
0.009700
0.009700
0.009700
0.009700
0.009700
0.009700
0.009700
0.009700
0.009700
0.009700
0.009700
0.009700
0.009700
0.009700
0.009700
0.009700
0.009700
0.009700
0.009700
0.009700
0.009700
0.009700
0.009700
0.009700
0.009700
0.009700
0.009700
0.009700
0.009700
0.009600
0.009600
0.009600
0.009600
0.009600
0.009600
0.009600
0.009600
0.009600
0.009600
0.009600
0.009600
0.009600
0.009600
0.009600
0.009600
0.009600
0.009600
0.009600
0.009600
0.009600
0.009600
0.009600
0.009600
0.009600
0.009600
0.009600
0.009600
0.009600
0.009600
0.009600
0.009600
0.009600
0.009600
0.009600
0.009600
0.009600
0.009500
0.009500
0.009500
0.009500
0.009500
0.009500
0.009500
0.009500
0.009500
0.009500
0.009500
0.009500
0.009500
0.009500
0.009500
0.009500
0.009500
0.009500
0.009500
0.009500
0.009500
0.009500
0.009500
0.009500
0.009500
0.009500
0.009500
0.009500
0.009500
0.009500
0.009500
0.009500
0.009500
0.009500
0.009500
0.009500
0.009500
0.009500
0.009400
0.009400
0.009400
0.009400
0.009400
0.009400
0.009400
0.009400
0.009400
0.009400
0.009400
0.009400
0.009400
0.009400
0.009400
0.009400
0.009400
0.009400
0.009400
0.009400
0.009400
0.009400
0.009400
0.009400
0.009400
0.009400
0.009400
0.009400
0.009400
0.009400
0.009400
0.009400
0.009400
0.009400
0.009400
0.009400
0.009400
0.009400
0.009300
0.009300
0.009300
0.009300
0.009300
0.009300
0.009300
0.009300
