4.000000
3.966700
3.900000
3.866700
3.800000
3.766700
3.700000
3.666700
3.600000
3.566700
3.500000
3.466700
3.400000
3.366700
3.333300
3.300000
3.233300
3.200000
3.133300
3.100000
3.033300
3.000000
2.933300
2.900000
2.833300
2.800000
2.733300
2.700000
2.666700
2.633300
2.566700
2.533300
2.466700
2.433300
2.366700
2.333300
2.266700
2.233300
2.166700
2.133300
2.066700
2.033300
2.000000
1.966700
1.900000
1.866700
1.800000
1.766700
1.700000
1.666700
1.600000
1.566700
1.500000
1.466700
1.400000
1.366700
1.333300
1.300000
1.233300
1.200000
1.133300
1.100000
1.033300
1.000000
0.933300
0.900000
0.833300
0.800000
0.733300
0.700000
0.666700
0.633300
0.566700
0.533300
0.466700
0.433300
0.366700
0.333300
0.266700
0.233300
0.166700
0.133300
0.066700
0.033300
0.000000
-0.033300
-0.100000
-0.133300
-0.200000
-0.233300
-0.300000
-0.333300
-0.400000
-0.433300
-0.500000
-0.533300
-0.600000
-0.633300
-0.666700
-0.700000
-0.766700
-0.800000
-0.866700
-0.900000
-0.966700
-1.000000
-1.066700
-1.100000
-1.166700
-1.200000
-1.266700
-1.300000
-1.333300
-1.366700
-1.433300
-1.466700
-1.533300
-1.566700
-1.633300
-1.666700
-1.733300
-1.766700
-1.833300
-1.866700
-1.933300
-1.966700
-2.000000
-2.033300
-2.100000
-2.133300
-2.200000
-2.233300
-2.300000
-2.333300
-2.400000
-2.433300
-2.500000
-2.533300
-2.600000
-2.633300
-2.666700
-2.700000
-2.766700
-2.800000
-2.866700
-2.900000
-2.966700
-3.000000
-3.066700
-3.100000
-3.166700
-3.200000
-3.266700
-3.300000
-3.333300
-3.366700
-3.433300
-3.466700
-3.533300
-3.566700
-3.633300
-3.666700
-3.733300
-3.766700
-3.833300
-3.866700
-3.933300
-3.966700
-4.000000
