-2.000  76.00000000
-1.960  63.72944896
-1.920  52.48551936
-1.880  42.22053376
-1.840  32.88779776
-1.800  24.44160000
-1.760  16.83721216
-1.720  10.03088896
-1.680   3.97986816
-1.640  -1.35762944
-1.600  -6.02240000
-1.560 -10.05425664
-1.520 -13.49202944
-1.480 -16.37356544
-1.440 -18.73572864
-1.400 -20.61440000
-1.360 -22.04447744
-1.320 -23.05987584
-1.280 -23.69352704
-1.240 -23.97737984
-1.200 -23.94240000
-1.160 -23.61857024
-1.120 -23.03489024
-1.080 -22.21937664
-1.040 -21.19906304
-1.000 -20.00000000
-0.960 -18.64725504
-0.920 -17.16491264
-0.880 -15.57607424
-0.840 -13.90285824
-0.800 -12.16640000
-0.760 -10.38685184
-0.720  -8.58338304
-0.680  -6.77417984
-0.640  -4.97644544
-0.600  -3.20640000
-0.560  -1.47928064
-0.520   0.19065856
-0.480   1.79014656
-0.440   3.30689536
-0.400   4.72960000
-0.360   6.04793856
-0.320   7.25257216
-0.280   8.33514496
-0.240   9.28828416
-0.200  10.10560000
-0.160  10.78168576
-0.120  11.31211776
-0.080  11.69345536
-0.040  11.92324096
 0.000  12.00000000
 0.040  11.92324096
 0.080  11.69345536
 0.120  11.31211776
 0.160  10.78168576
 0.200  10.10560000
 0.240   9.28828416
 0.280   8.33514496
 0.320   7.25257216
 0.360   6.04793856
 0.400   4.72960000
 0.440   3.30689536
 0.480   1.79014656
 0.520   0.19065856
 0.560  -1.47928064
 0.600  -3.20640000
 0.640  -4.97644544
 0.680  -6.77417984
 0.720  -8.58338304
 0.760 -10.38685184
 0.800 -12.16640000
 0.840 -13.90285824
 0.880 -15.57607424
 0.920 -17.16491264
 0.960 -18.64725504
 1.000 -20.00000000
 1.040 -21.19906304
 1.080 -22.21937664
 1.120 -23.03489024
 1.160 -23.61857024
 1.200 -23.94240000
 1.240 -23.97737984
 1.280 -23.69352704
 1.320 -23.05987584
 1.360 -22.04447744
 1.400 -20.61440000
 1.440 -18.73572864
 1.480 -16.37356544
 1.520 -13.49202944
 1.560 -10.05425664
 1.600  -6.02240000
 1.640  -1.35762944
 1.680   3.97986816
 1.720  10.03088896
 1.760  16.83721216
 1.800  24.44160000
 1.840  32.88779776
 1.880  42.22053376
 1.920  52.48551936
 1.960  63.72944896
