0.812619
0.631875
0.464173
0.190983
0.095173
0.001973
0.007885
0.048943
0.123693
0.229487
0.362576
0.690983
0.874667
1.248690
1.425779
1.587785
1.728969
1.844328
1.929776
2.000000
1.982287
1.844328
1.728969
1.587785
1.425779
1.248690
1.062791
0.690983
0.518246
0.229487
0.123693
0.048943
0.007885
0.001973
0.031417
0.190983
0.315453
0.631875
0.812619
1.000000
1.187381
1.368125
1.535827
1.809017
1.904827
1.998027
1.992115
1.951057
1.876307
1.770513
1.637424
1.309017
1.125333
0.751310
0.574221
0.412215
0.271031
0.155672
0.070224
0.000000
0.017713
0.155672
0.271031
0.412215
0.574221
0.751310
0.937209
1.309017
1.481754
1.770513
1.876307
1.951057
1.992115
1.998027
1.968583
1.809017
1.684547
1.368125
1.187381
1.000000
